              precision    recall  f1-score   support

           0       0.94      0.97      0.96      1361
           1       0.95      0.97      0.96      1531
           2       0.93      0.90      0.91      1477
           3       0.91      0.90      0.90      1382
           4       0.92      0.93      0.93      1371
           5       0.89      0.88      0.88      1283
           6       0.95      0.96      0.95      1396
           7       0.94      0.93      0.94      1425
           8       0.90      0.89      0.89      1373
           9       0.90      0.90      0.90      1401

    accuracy                           0.92     14000
   macro avg       0.92      0.92      0.92     14000
weighted avg       0.92      0.92      0.92     14000
