              precision    recall  f1-score   support

           0       0.95      0.98      0.97      3432
           1       0.98      0.98      0.98      3947
           2       0.95      0.96      0.95      3500
           3       0.96      0.93      0.95      3615
           4       0.96      0.95      0.95      3442
           5       0.94      0.95      0.94      3156
           6       0.97      0.97      0.97      3472
           7       0.97      0.96      0.96      3639
           8       0.94      0.95      0.94      3406
           9       0.94      0.94      0.94      3391

    accuracy                           0.96     35000
   macro avg       0.96      0.96      0.96     35000
weighted avg       0.96      0.96      0.96     35000
